1.0
1.0
0.8585858670147982
0.95
1.0
1.0
1.0
0.7839285714285714
1.0
1.0
0.5
0.8999999999999999
1.0
1.0
0.8864468932151794
1.0
1.0
0.95
1.0
0.9027777761220933
1.0
0.6625
1.0
0.9230769276618958
1.0
0.9166666865348816
0.959595962004228
1.0
0.75
0.9761904733521598
1.0
1.0
1.0
0.9722222238779068
0.9245356082131988
0.9777777791023254
0.9250000044703484
1.0
0.8293650793650793
0.7500000149011612
1.0
1.0
0.9333333373069763
0.9111111164093018
0.7090909069234674
1.0
1.0
1.0
1.0
0.8999999999999999
0.9478458080972944
1.0
0.9761904733521598
0.9722222222222222
1.0
0.8765432172351413
1.0
1.0
1.0
1.0
1.0
0.75
0.9555555582046509
0.8708333402872086
1.0
1.0
1.0
0.9583333283662796
0.9008264704184099
1.0
0.9296875
1.0
1.0
0.9861111111111112
1.0
0.8333333333333333
0.9571428596973419
0.805555542310079
1.0
1.0
0.7600000143051148
0.9666666686534882
0.9166666716337204
0.6666666865348816
1.0
0.7857142771993365
1.0
1.0
0.9725274741649628
0.9857142845789592
0.9464285746216774
0.9666666686534882
0.9761904733521598
0.9761904733521598
0.590909100391648
1.0
1.0
1.0
1.0
1.0
1.0
0.9761904733521598
0.9230769276618958
0.7575757584788583
1.0
0.9777495244166234
1.0
0.9666666686534882
0.95
1.0
1.0
1.0
0.796875
0.9861111111111112
1.0
0.9861111111111112
1.0
0.9523809552192688
0.7888306355229895
1.0
1.0
1.0
1.0
0.9166666716337204
0.8571428656578064
1.0
0.9166666666666666
1.0
1.0
1.0
1.0
0.9583333333333333
1.0
0.9230769276618958
0.9038461676010718
1.0
0.84375
0.7777777910232544
1.0
1.0
0.6666666865348816
1.0
1.0
0.95
1.0
1.0
0.9772727290789286
1.0
1.0
1.0
1.0
0.8333333134651184
0.75
1.0
1.0
0.8666666746139526
1.0
0.8722222367922465
1.0
0.4666666805744171
0.8095238208770752
1.0
1.0
1.0
0.9636363658038052
0.9027777761220933
0.95
1.0
0.8146399196350212
1.0
1.0
1.0
0.8333333134651184
1.0
0.9480519511482932
0.8888888955116272
0.9428571462631226
0.9890109896659851
0.8571428656578064
0.9285714328289032
0.914628506828103
0.8750000000000001
1.0
0.9666666686534882
1.0
0.8928571428571428
0.8500000000000001
0.8999999761581421
0.0
0.8333333358168602
0.7555555601914723
1.0
0.791666679084301
1.0
0.8181818127632141
0.9666666686534882
0.9166666666666666
1.0
0.800000011920929
1.0
1.0
0.9191919240084562
1.0
1.0
1.0
0.8221153952181339
1.0
0.8571428656578064
1.0
0.8571428656578064
1.0
1.0
0.7500000037252903
1.0
0.7777777910232544
0.6666666865348816
0.9008264704184099
0.9571428596973419
1.0
0.875
1.0
1.0
0.95
1.0
1.0
1.0
0.875
0.9821428582072258
1.0
0.887301590707567
1.0
0.7555555601914723
1.0
1.0
1.0
0.9000000009934108
0.8571428656578064
0.8585858670147982
1.0
1.0
0.9761904733521598
1.0
0.6833333447575569
0.9861111111111112
1.0
1.0
1.0
1.0
1.0
1.0
0.9666666686534882
1.0
0.9861111111111112
1.0
0.6666666865348816
1.0
0.5555555721124013
0.5500000193715096
0.9571428596973419
0.7615384642894452
0.9028571486473084
0.8571428656578064
1.0
0.8746075579994603
1.0
0.7321428571428571
1.0
1.0
1.0
1.0
0.8442113534970717
0.8333333134651184
1.0
1.0
0.7611111111111111
0.9761904733521598
0.9571428596973419
1.0
1.0
1.0
0.8367347036089215
1.0
1.0
0.9111111164093018
1.0
1.0
1.0
0.9333333373069763
0.9166666666666666
0.9777777791023254
1.0
1.0
1.0
0.7986111111111112
1.0
1.0
0.8571428656578064
0.9090909361839294
1.0
1.0
0.9076923131942749
1.0
0.9166666716337204
1.0
0.9606060624122619
0.8714285790920258
1.0
0.800000011920929
0.8571428656578064
0.9285714285714286
0.973333332935969
0.7152777661879858
0.9714285646166121
1.0
0.8333333432674408
0.8163265415600367
0.9090909361839294
1.0
1.0
0.7682317541195796
1.0
1.0
1.0
1.0
0.75
0.8273809626698494
1.0
0.7936507936507937
1.0
1.0
1.0
0.9815204689377233
0.9333333373069763
0.9480519511482932
1.0
1.0
1.0
0.8367347036089215
0.9890109896659851
1.0
1.0
0.8749999850988388
1.0
0.75
0.9790249400668674
0.8571428656578064
1.0
0.6666666865348816
1.0
0.9361111149191856
1.0
1.0
1.0
0.9141414192589846
1.0
1.0
0.8090909063816071
1.0
1.0
0.775853763067017
0.9909090887416493
1.0
1.0
0.9722222238779068
0.5555555721124013
0.6742424287579276
1.0
0.8446969789537516
1.0
1.0
1.0
0.7964285716414453
1.0
0.6666666666666667
1.0
0.6666666865348816
0.8734693952969143
1.0
1.0
1.0
1.0
1.0
1.0
0.9237800350314691
1.0
0.9624999910593033
0.7722222283482552
1.0
1.0
0.9777777791023254
1.0
1.0
0.9166666716337204
1.0
0.8805555681387583
1.0
0.9287581693892385
1.0
1.0
0.9666666686534882
1.0
1.0
1.0
1.0
1.0
0.8194444444444444
1.0
0.889520202020202
1.0
1.0
0.9181818183172832
0.9861111111111112
0.9008264704184099
0.8125
1.0
1.0
0.7650000020861626
1.0
1.0
1.0
1.0
1.0
1.0
0.9428571462631226
1.0
1.0
1.0
0.9166666666666666
0.7611111111111111
1.0
0.8833333402872086
1.0
0.8571428656578064
1.0
0.16666666666666666
1.0
1.0
0.9333333373069763
0.8095238208770752
1.0
0.8333333432674408
1.0
1.0
1.0
0.8333333134651184
1.0
