0.9166666716337204
0.875
0.8765432172351413
1.0
1.0
1.0
1.0
0.8472222222222222
1.0
1.0
1.0
0.8541666666666666
1.0
1.0
0.8571428656578064
1.0
1.0
1.0
1.0
0.9444444378217062
1.0
0.7854166666666667
1.0
0.9171597682512723
1.0
1.0
0.979797981002114
1.0
0.8928571428571428
1.0
0.9761904733521598
1.0
0.95
1.0
0.9807958488955217
1.0
0.9666666686534882
1.0
0.9502840909090909
1.0
0.9666666686534882
0.8333333333333333
0.7333333492279053
0.9250000044703484
0.7857142771993365
1.0
1.0
1.0
1.0
1.0
0.9571428596973419
0.875
0.9761904733521598
0.9861111111111112
1.0
0.852777786552906
1.0
1.0
1.0
1.0
1.0
0.9166666666666666
0.9252525297078219
0.8333333134651184
1.0
1.0
1.0
1.0
0.9090909361839294
1.0
0.93359375
1.0
1.0
1.0
1.0
0.8333333333333333
0.9682539701461792
0.8333333134651184
1.0
1.0
0.800000011920929
1.0
0.8333333358168602
0.9166666716337204
1.0
0.5
1.0
1.0
0.9890109896659851
0.9285714030265808
0.9285714291036129
1.0
1.0
0.777777781089147
1.0
1.0
1.0
1.0
1.0
1.0
1.0
1.0
0.9230769276618958
0.904761906181063
0.9666666686534882
0.9848484843969345
1.0
0.9666666686534882
1.0
0.9666666686534882
0.95
1.0
0.6964285714285714
1.0
1.0
0.9381313131313131
1.0
0.8857142891202655
0.9108984771551507
1.0
1.0
1.0
0.8928571428571428
1.0
0.8571428656578064
1.0
0.9381313131313131
1.0
1.0
0.9583333283662796
1.0
0.9583333333333333
0.9861111111111112
0.9230769276618958
0.8106060407378456
1.0
1.0
0.8395061790943146
1.0
1.0
0.9166666716337204
0.8888888955116272
1.0
1.0
1.0
1.0
0.8699300889785474
1.0
1.0
1.0
1.0
1.0
0.625
1.0
1.0
0.9166666716337204
1.0
0.8886946560619593
1.0
0.5555555721124013
0.6666666865348816
1.0
1.0
0.875
0.9727272716435519
0.9761904733521598
1.0
0.9666666686534882
0.8925620100714944
1.0
1.0
1.0
0.9761904733521598
1.0
1.0
0.8765432172351413
0.9250000044703484
1.0
0.9285714030265808
0.9373015910387039
0.9318181831728327
0.805555542310079
1.0
1.0
1.0
1.0
0.8999999999999999
0.8999999761581421
0.3333333333333333
0.9027777761220933
0.6666666865348816
1.0
0.9166666716337204
1.0
0.8090909063816071
0.9000000009934108
0.9034090909090909
1.0
0.879999977350235
0.9444444444444444
1.0
0.9674523027256281
1.0
1.0
1.0
0.8078895578017602
1.0
0.8571428656578064
1.0
0.9682539701461792
0.9909090887416493
1.0
0.7911111146211625
1.0
0.8095238208770752
0.6666666865348816
0.8939394156138102
0.8571428656578064
1.0
0.7307692353542035
1.0
1.0
0.75
1.0
1.0
1.0
0.75
0.9464285746216774
1.0
0.8299999818205833
1.0
0.6666666865348816
1.0
0.979797981002114
1.0
1.0
0.9642857164144516
0.8518518606821696
0.9242424152114175
1.0
0.7583333358168602
1.0
0.7000000067055225
0.859375
1.0
1.0
1.0
1.0
1.0
1.0
1.0
1.0
1.0
0.95
1.0
1.0
0.8666666746139526
0.7200000107288361
0.9478458080972944
0.9538461565971375
0.8909090974114158
0.9821428582072258
1.0
0.8211722600866448
1.0
1.0
1.0
1.0
1.0
1.0
0.760510333973651
0.9583333283662796
1.0
1.0
1.0
1.0
0.8367347036089215
1.0
1.0
1.0
0.8690476268529892
1.0
1.0
0.9333333373069763
1.0
1.0
1.0
0.9333333373069763
0.9166666666666666
0.9722222238779068
1.0
1.0
1.0
0.8125
1.0
1.0
0.8367347036089215
0.9090909361839294
1.0
1.0
0.9230769276618958
1.0
0.9761904733521598
1.0
0.8831169009208679
0.9571428596973419
1.0
0.8899999797344208
1.0
0.8708333402872086
0.9714285646166121
1.0
0.8999999761581421
1.0
0.9102563995581406
0.9642857164144516
0.9090909361839294
1.0
1.0
0.9234693646430969
1.0
1.0
1.0
1.0
1.0
0.6111111293236414
1.0
0.9190340909090909
1.0
1.0
1.0
1.0
0.9666666686534882
0.9461697754652604
1.0
1.0
1.0
0.940476194024086
0.9171597682512723
1.0
1.0
0.8642857032162803
1.0
0.8017857142857143
0.8406593478642977
0.8571428656578064
0.8229166753590107
1.0
1.0
1.0
1.0
1.0
1.0
0.9888888895511627
1.0
1.0
0.8016528920693831
0.9761904733521598
0.9642857164144516
0.7671957564732385
0.8999999761581421
1.0
1.0
0.9888888895511627
0.3333333432674408
0.8628571450710297
0.9464285746216774
0.943209879928165
1.0
1.0
1.0
0.6044973450165892
1.0
0.8472222222222222
1.0
1.0
0.9821428582072258
1.0
1.0
1.0
1.0
1.0
1.0
0.9080298795030007
1.0
0.879999977350235
0.8222222328186035
1.0
1.0
0.8641975389586555
1.0
1.0
1.0
1.0
0.8717171809890053
0.9250000044703484
0.8555555681387584
1.0
0.75
1.0
1.0
1.0
1.0
1.0
1.0
0.6250000000000001
1.0
0.84375
1.0
1.0
0.8920745920815389
0.9722222222222222
0.9008264704184099
1.0
1.0
1.0
0.7600000143051148
1.0
1.0
1.0
1.0
1.0
0.9666666686534882
0.9333333373069763
1.0
1.0
1.0
1.0
0.6666666666666666
1.0
0.9111111164093018
1.0
0.9682539701461792
1.0
0.3333333333333333
1.0
1.0
0.9666666686534882
0.9571428596973419
1.0
0.6666666865348816
0.9682539701461792
1.0
1.0
0.9583333283662796
1.0
