0.9166666716337204
0.9583333333333333
0.8666666746139526
0.95
1.0
1.0
1.0
0.7321428571428571
1.0
1.0
0.5
0.8999999999999999
1.0
1.0
0.8961039022965864
1.0
0.75
0.95
1.0
0.7238095198358809
1.0
0.7478991596638656
1.0
0.9230769276618958
1.0
0.9935897451180679
0.9674523027256281
1.0
0.9166666666666666
0.9583333283662796
1.0
1.0
1.0
1.0
0.9282120785822994
0.8518518606821696
1.0
1.0
0.8819444444444444
0.7777777910232544
1.0
1.0
0.800000011920929
0.800000011920929
0.6666666865348816
1.0
1.0
0.9166666716337204
1.0
0.8999999999999999
0.9464285746216774
1.0
0.9444444378217062
0.9861111111111112
1.0
0.8666666746139526
1.0
1.0
1.0
1.0
1.0
0.7875
0.9037698470056057
0.8523809518132892
1.0
1.0
1.0
0.9242424152114175
0.8925620100714944
1.0
0.9296875
1.0
1.0
1.0
1.0
0.8333333333333333
0.9200680319752012
0.9523809552192688
1.0
0.9945054948329926
0.7600000143051148
1.0
1.0
0.8666666746139526
1.0
0.8333333134651184
1.0
1.0
0.8141025726993878
0.9952380935351054
0.9107142873108387
0.9666666686534882
1.0
0.9523809552192688
0.5444444517294565
1.0
1.0
1.0
1.0
1.0
1.0
0.9444444378217062
0.9230769276618958
0.7506313156900984
1.0
0.9924242446819941
1.0
0.800000011920929
1.0
1.0
0.75
1.0
0.6785714285714285
1.0
1.0
0.9583333333333333
1.0
0.9166666716337204
0.8554720014806778
1.0
1.0
1.0
0.75
0.9166666716337204
0.8571428656578064
1.0
0.9166666666666666
0.9666666686534882
1.0
1.0
1.0
0.8958333333333333
1.0
0.9230769276618958
0.975490201922024
1.0
0.975
0.6507936716079712
1.0
1.0
0.9166666716337204
1.0
1.0
1.0
1.0
1.0
0.8925620100714944
1.0
1.0
1.0
0.8333333333333333
0.8333333134651184
0.75
1.0
1.0
0.6666666865348816
1.0
0.863445389671486
1.0
0.3333333432674408
0.6190476247242519
1.0
1.0
0.875
0.8699999809265136
0.8333333134651184
0.9166666666666666
1.0
0.7171717352337308
1.0
1.0
1.0
0.8333333134651184
1.0
0.8571428656578064
0.7777777910232544
0.9333333373069763
1.0
0.8367347036089215
0.9437888232262238
0.892246624852857
0.5952381065913609
1.0
0.9428571462631226
1.0
0.9166666666666666
0.8500000000000001
0.879999977350235
0.0
0.904761906181063
1.0
1.0
0.6666666865348816
1.0
0.8181818127632141
1.0
0.9166666666666666
0.9888888895511627
0.800000011920929
0.959375
1.0
0.9457070739431814
1.0
1.0
1.0
0.7692307829856873
1.0
0.8571428656578064
1.0
0.8571428656578064
1.0
1.0
0.7742424302480437
1.0
0.6666666865348816
0.6666666865348816
0.9008264704184099
1.0
0.6666666865348816
0.5787036948733859
1.0
1.0
1.0
1.0
1.0
1.0
0.8928571428571428
0.9464285746216774
1.0
0.9088023078304004
1.0
0.6666666865348816
1.0
0.9888888895511627
1.0
0.9666666686534882
0.7976190596818924
0.8461538553237915
1.0
1.0
0.8666666746139526
1.0
0.5333333412806193
1.0
1.0
0.9666666686534882
1.0
1.0
1.0
1.0
1.0
1.0
1.0
1.0
0.6666666865348816
1.0
0.6666666865348816
0.5500000193715096
0.8571428656578064
0.7800000071525574
0.800000011920929
0.9480519511482932
1.0
0.8711257177094618
1.0
0.625
1.0
1.0
1.0
1.0
0.762237776409496
0.9242424152114175
1.0
1.0
0.8999999999999999
1.0
0.9682539701461792
1.0
1.0
1.0
0.800000011920929
1.0
1.0
0.9111111164093018
1.0
1.0
0.8333333333333333
0.9666666686534882
0.75
0.9666666686534882
1.0
1.0
1.0
0.875
1.0
1.0
0.8571428656578064
0.9090909361839294
1.0
1.0
0.8343195365025446
1.0
0.6964285597205163
1.0
0.9924242446819941
0.8626373708248138
1.0
0.800000011920929
0.8571428656578064
0.896464644056378
0.8818181644786488
0.9027777761220933
0.9769230714211097
1.0
0.8425926003191206
0.773809532324473
0.8787879049777985
1.0
1.0
0.8406593478642977
1.0
1.0
1.0
0.9666666686534882
0.75
0.8370370467503866
0.9166666716337204
0.8591269841269842
1.0
1.0
1.0
0.995833333581686
0.9250000044703484
0.9523809552192688
1.0
1.0
1.0
0.9821428582072258
0.9230769276618958
1.0
1.0
0.8707070507184423
1.0
0.8194444444444444
0.9910714253783226
1.0
0.9686147175826035
0.6666666865348816
1.0
0.9777777791023254
1.0
1.0
1.0
0.979797981002114
1.0
1.0
0.7272727489471436
1.0
1.0
0.7777777612209319
0.9636363658038052
1.0
1.0
0.9722222238779068
0.5555555721124013
0.8450000032782555
0.9682539701461792
0.8888888955116272
1.0
1.0
1.0
0.8333333308498065
1.0
0.6361607142857143
1.0
0.9166666716337204
0.8188002496570735
1.0
1.0
1.0
1.0
0.9166666716337204
1.0
0.9233821740007808
1.0
0.9464285735573088
0.7600000143051148
1.0
1.0
0.9777777791023254
1.0
1.0
1.0
1.0
0.805555542310079
1.0
0.8571428684961228
1.0
0.9166666666666666
1.0
0.9761904733521598
1.0
0.9666666686534882
1.0
1.0
0.71875
1.0
0.8693181818181819
1.0
0.9821428582072258
0.8749999996895592
0.975
0.8016528920693831
1.0
1.0
1.0
0.7200000107288361
1.0
1.0
1.0
1.0
1.0
1.0
1.0
0.8444444537162781
1.0
1.0
1.0
0.75
1.0
0.9000000059604645
1.0
0.9682539701461792
1.0
0.0
1.0
1.0
0.9333333373069763
0.8095238208770752
0.8333333432674408
0.8095238208770752
0.9682539701461792
1.0
1.0
0.8333333134651184
1.0
