0.9166666716337204
0.875
0.8888888955116272
1.0
1.0
1.0
1.0
0.875
1.0
0.9924242446819941
1.0
0.95
1.0
1.0
0.9642857164144516
1.0
1.0
1.0
1.0
0.9166666716337204
1.0
0.8116883116883117
1.0
0.9230769276618958
1.0
1.0
0.979797981002114
1.0
0.8928571428571428
0.9523809552192688
1.0
1.0
1.0
1.0
0.9735810129266037
1.0
1.0
1.0
0.959375
0.8095238208770752
0.9666666686534882
0.8333333333333333
0.800000011920929
0.8833333402872086
0.7857142771993365
1.0
1.0
1.0
1.0
1.0
0.9480519511482932
0.875
0.9583333283662796
0.9583333333333333
1.0
0.8446969789537516
0.9583333283662796
1.0
1.0
1.0
1.0
1.0
0.9355089393529025
0.8333333134651184
1.0
1.0
1.0
0.9761904733521598
0.9467975256795234
1.0
0.9296875
1.0
1.0
1.0
1.0
1.0
0.9821428582072258
0.8333333134651184
1.0
0.9945054948329926
1.0
0.9666666686534882
0.8333333358168602
0.9166666716337204
1.0
0.5833333432674408
1.0
1.0
0.9890109896659851
0.9952380935351054
0.9285714291036129
0.800000011920929
0.9583333283662796
0.7555555601914724
1.0
1.0
1.0
1.0
1.0
1.0
1.0
1.0
0.9230769276618958
0.8833333343267441
1.0
1.0
1.0
0.9333333373069763
1.0
1.0
0.9166666666666666
1.0
0.475
1.0
1.0
0.8472222222222222
1.0
0.8968254015559243
0.9106693569732749
1.0
1.0
1.0
0.75
1.0
1.0
1.0
0.875
1.0
1.0
0.9761904733521598
1.0
0.928125
1.0
0.9230769276618958
0.9038461676010718
1.0
1.0
0.9444444447755813
1.0
1.0
0.9166666716337204
1.0
1.0
1.0
1.0
1.0
0.7752525260051091
1.0
1.0
1.0
1.0
1.0
0.75
1.0
1.0
0.8666666746139526
1.0
0.8638889054457347
1.0
0.5555555721124013
0.6666666865348816
1.0
1.0
0.875
0.9818181829019026
0.9761904733521598
1.0
1.0
0.848484871784846
1.0
1.0
1.0
0.9583333283662796
1.0
0.6904762089252472
0.8888888955116272
0.9428571462631226
0.9759832941568815
0.7857142686843872
0.9478458080972945
0.8588889930610714
0.8333333134651184
0.9166666716337204
0.9666666686534882
1.0
1.0
0.8999999999999999
0.8999999761581421
0.0
1.0
0.9166666716337204
1.0
1.0
1.0
0.8181818127632141
0.9000000009934108
0.9444444444444444
0.9888888895511627
0.8999999761581421
0.9722222222222222
1.0
0.979797981002114
1.0
1.0
1.0
0.8133405167739709
1.0
0.8367347036089215
1.0
0.8571428656578064
0.9909090887416493
1.0
0.7444444485008717
1.0
0.8666666746139526
0.6666666865348816
0.9924242446819941
0.9571428596973419
0.9444444378217062
0.6805555522441864
1.0
1.0
0.75
0.9428571462631226
1.0
1.0
0.75
0.9478458080972944
1.0
0.8333333374725447
1.0
0.6666666865348816
1.0
0.979797981002114
1.0
1.0
0.8367347036089215
0.8888888955116272
0.896464644056378
1.0
0.777777781089147
1.0
0.7169230818748474
0.9305555555555556
1.0
1.0
1.0
1.0
1.0
1.0
1.0
1.0
1.0
1.0
1.0
1.0
0.9166666716337204
0.6833333447575569
0.9367346976484571
0.8636363419619474
0.8909090974114158
0.9571428596973419
0.8333333134651184
0.9117225099693645
1.0
0.9502840909090909
1.0
1.0
1.0
1.0
0.7578605517872379
0.9102563995581406
1.0
1.0
0.95
1.0
0.8367347036089215
1.0
1.0
1.0
0.821428582072258
0.8541666666666666
0.95
0.9333333373069763
1.0
1.0
1.0
1.0
0.95
0.979797981002114
0.800000011920929
1.0
1.0
0.7928571428571429
1.0
1.0
1.0
0.9090909361839294
1.0
1.0
0.9230769276618958
1.0
0.9166666666666667
1.0
0.8939394156138102
0.9682539701461792
0.6666666865348816
0.879999977350235
1.0
0.9583333283662796
0.9614285681928907
1.0
0.8999999761581421
1.0
0.9583333283662796
0.9464285746216774
0.9090909361839294
1.0
1.0
0.7797618905703226
1.0
1.0
1.0
1.0
0.8472222222222222
0.6752136945724487
1.0
0.928125
1.0
1.0
1.0
1.0
0.9250000044703484
0.9501133816582816
1.0
1.0
1.0
1.0
0.9230769276618958
1.0
1.0
0.8818181644786488
1.0
0.8295454545454546
0.833333338300387
0.8571428656578064
0.7685185074806213
1.0
1.0
0.9777777791023254
1.0
1.0
1.0
0.9551066244491423
1.0
1.0
0.8790210013206189
0.9761904733521598
0.9214285761117935
0.7906862648094402
0.9833333293596903
1.0
1.0
0.9888888895511627
0.2777777860562006
0.8450000032782555
0.9274376460484095
0.9111111164093018
1.0
1.0
1.0
0.6461640129250193
1.0
0.859375
1.0
1.0
0.9642857164144516
1.0
1.0
1.0
1.0
0.9166666716337204
1.0
0.9275510147213936
1.0
0.8999999761581421
0.6800000190734863
1.0
1.0
0.9598765456014209
1.0
1.0
1.0
1.0
0.9486111134290696
0.9250000044703484
0.8331454570524792
1.0
0.9166666666666666
1.0
1.0
1.0
1.0
1.0
1.0
0.6458333333333334
0.9935897451180679
0.80625
1.0
0.9821428582072258
0.9169230749973883
1.0
0.9008264704184099
1.0
1.0
1.0
0.7200000107288361
1.0
1.0
1.0
1.0
1.0
1.0
0.9333333373069763
0.9111111164093018
1.0
1.0
1.0
0.5357142857142857
0.9888888895511627
0.8711111187934876
1.0
0.9821428582072258
1.0
0.3333333333333333
1.0
1.0
0.9028571486473084
0.8367347036089215
1.0
0.6666666865348816
1.0
1.0
1.0
0.9761904733521598
1.0
