
0.
0.33333334
0.66666669
0.66666669
1.
1.

0.
0.125
0.25
0.375
0.5
0.625
0.625
0.75
0.875
1.
1.
1.

1.
1.
1.
1.

0.
0.11111111
0.22222222
0.33333334
0.44444445
0.55555558

0.66666669
0.77777779
0.77777779
0.77777779
0.8888889
0.8888889

0.8888889
0.8888889
0.8888889
0.8888889
0.8888889
0.8888889

1.

0.
0.25
0.5
0.75
0.75
1.
1.
1.
1.
1.
1.

0.
0.33333334
0.66666669
1.
1.

0.
0.2
0.40000001
0.60000002
0.80000001
1.

1.
1.
1.
1.
1.
1.

0.
0.2
0.40000001
0.60000002
0.80000001
1.

1.
1.
1.
1.

0.
0.125
0.25
0.375
0.5
0.625
0.625
0.75
0.75
0.75
0.75
0.75

0.75
0.75
1.

0.
0.5
1.
1.
1.
1.
1.
1.

0.
0.09090909
0.18181819
0.27272728
0.36363637
0.45454547

0.54545456
0.63636363
0.72727275
0.81818181
0.90909094
1.

1.
1.

0.
0.5
0.5
1.

0.
0.25
0.5
0.5
0.75
1.
1.
1.
1.
1.
1.
1.

0.
0.5
1.
1.

0.
0.25
0.5
0.75
1.
1.

0.
0.14285715
0.2857143
0.42857143
0.5714286
0.71428573

0.71428573
0.71428573
0.71428573
0.71428573
0.85714287
1.

1.

0.
0.5
1.
1.
1.
1.

0.
0.25
0.5
0.75
0.75
1.

0.
0.25
0.5
0.75
0.75
1.
1.
1.

0.
0.33333334
0.66666669
1.
1.
1.

1.
1.

0.
0.
0.16666667
0.33333334
0.5
0.66666669

0.66666669
0.83333331
0.83333331
0.83333331
0.83333331
0.83333331

0.83333331
0.83333331
1.
1.
1.
1.

0.
0.33333334
0.66666669
1.
1.
1.

1.
1.

0.
0.125
0.25
0.375
0.375
0.5
0.625
0.75
0.75
0.75
0.75
0.75

0.75
0.75
0.75
0.75
0.75
0.875
0.875
1.

0.
0.25
0.5
0.75
1.
1.
1.
1.

0.
0.07692308
0.15384616
0.23076923
0.30769232
0.38461539

0.46153846
0.53846157
0.61538464
0.69230771
0.76923078
0.84615386

0.92307693
0.92307693
0.92307693
1.

0.
0.5
1.
1.
1.
1.

0.
0.08333334
0.16666667
0.25
0.33333334
0.41666666

0.5
0.58333331
0.66666669
0.75
0.83333331
0.91666669

0.91666669
1.
1.

0.
0.11111111
0.22222222
0.33333334
0.44444445
0.55555558

0.66666669
0.77777779
0.77777779
0.8888889
0.8888889
1.

1.
1.
1.

0.
0.2
0.40000001
0.60000002
0.80000001
1.

1.
1.

0.
0.25
0.5
0.75
0.75
0.75
1.
1.
1.
1.

0.
0.16666667
0.33333334
0.5
0.66666669
0.83333331

0.83333331
0.83333331
1.
1.

0.
0.16666667
0.33333334
0.5
0.66666669
0.83333331

1.
1.
1.
1.
1.
1.

1.
1.

0.
0.2
0.40000001
0.60000002
0.80000001
1.

1.
1.
1.
1.

0.
0.25
0.5
0.75
1.
1.
1.
1.

0.
0.11111111
0.22222222
0.33333334
0.44444445
0.55555558

0.66666669
0.77777779
0.8888889
1.
1.
1.

1.

0.
0.05882353
0.11764706
0.17647059
0.23529412
0.29411766

0.35294119
0.41176471
0.47058824
0.52941179
0.58823532
0.64705884

0.70588237
0.7647059
0.82352942
0.82352942
0.88235295
0.88235295

0.88235295
0.94117647
0.94117647
0.94117647
1.

0.
0.11111111
0.22222222
0.33333334
0.44444445
0.55555558

0.55555558
0.66666669
0.77777779
0.8888889
1.

0.
0.2
0.40000001
0.60000002
0.80000001
1.

1.
1.
1.

0.
0.5
1.
1.

0.
0.125
0.25
0.375
0.5
0.5
0.625
0.625
0.75
0.875
0.875
0.875

1.
1.
1.

0.
0.33333334
0.66666669
0.66666669
0.66666669
0.66666669

0.66666669
0.66666669
0.66666669
1.
1.
1.

1.
1.

0.
0.2
0.40000001
0.60000002
0.80000001
1.

1.
1.
1.
1.

0.
0.5
1.
1.
1.

0.
0.2
0.40000001
0.60000002
0.80000001
0.80000001

1.

0.
0.2
0.40000001
0.60000002
0.80000001
0.80000001

0.80000001
0.80000001
0.80000001
0.80000001
0.80000001
0.80000001

0.80000001
1.

0.
0.16666667
0.33333334
0.5
0.66666669
0.66666669

0.66666669
0.66666669
0.66666669
1.

0.
0.25
0.5
0.75
1.
1.
1.

0.
0.2
0.40000001
0.60000002
0.80000001
1.

1.
1.

0.
0.33333334
0.66666669
0.66666669
1.
1.

1.
1.
1.
1.
1.
1.

1.
1.

0.
0.16666667
0.33333334
0.5
0.66666669
0.83333331

1.
1.
1.
1.
1.

0.
0.25
0.5
0.5
0.75
1.
1.

0.
0.14285715
0.2857143
0.42857143
0.5714286
0.5714286

0.71428573
0.85714287
1.
1.
1.
1.

1.
1.
1.

0.
0.125
0.25
0.375
0.5
0.625
0.75
0.875
1.
1.
1.
1.

0.
0.16666667
0.33333334
0.5
0.66666669
0.83333331

0.83333331
0.83333331
0.83333331
1.
1.

0.
0.125
0.25
0.375
0.5
0.625
0.75
0.875
0.875
1.
1.
1.

1.

0.
0.33333334
0.66666669
1.
1.
1.

0.
0.11111111
0.22222222
0.33333334
0.44444445
0.55555558

0.66666669
0.77777779
0.77777779
0.77777779
0.8888889
0.8888889

1.

0.
0.16666667
0.33333334
0.5
0.66666669
0.83333331

1.
1.
1.
1.
1.
1.

1.

0.
0.5
1.
1.
1.

0.
0.25
0.5
0.75
1.
1.
1.
1.
1.
1.

0.
0.2
0.40000001
0.60000002
0.80000001
1.

1.

0.
0.25
0.5
0.75
1.
1.
1.

0.
0.25
0.5
0.5
0.75
0.75
0.75
0.75
0.75
0.75
1.
1.
1.
1.

1.

0.
0.11111111
0.22222222
0.33333334
0.44444445
0.55555558

0.66666669
0.77777779
0.77777779
0.77777779
0.77777779
0.77777779

0.77777779
0.77777779
0.8888889
0.8888889
1.
1.

0.
0.16666667
0.33333334
0.5
0.5
0.66666669

0.66666669
0.83333331
0.83333331
0.83333331
1.
1.

1.
1.
1.
1.
1.
1.

1.
1.
1.
1.

0.
0.2
0.40000001
0.60000002
0.80000001
1.

1.
1.
1.

0.
0.25
0.5
0.75
1.
1.

0.
0.33333334
0.66666669
1.
1.
1.

0.
0.16666667
0.33333334
0.5
0.66666669
0.83333331

0.83333331
0.83333331
0.83333331
0.83333331
0.83333331
1.

1.
1.
1.
1.

0.
0.09090909
0.18181819
0.27272728
0.36363637
0.45454547

0.54545456
0.63636363
0.72727275
0.72727275
0.81818181
0.90909094

0.90909094
0.90909094
0.90909094
0.90909094
0.90909094
0.90909094

1.

0.
0.25
0.5
0.75
1.
1.
1.

0.
0.0625
0.125
0.1875
0.25
0.3125
0.375
0.4375
0.5
0.5625

0.625
0.6875
0.75
0.8125
0.8125
0.875
0.9375
0.9375
0.9375
1.

0.
1.
1.
1.
1.
1.
1.
1.

0.
0.25
0.5
0.75
1.
1.
1.
1.
1.

0.
0.125
0.25
0.375
0.5
0.625
0.75
0.875
1.
1.

0.
0.33333334
0.66666669
1.
1.
1.

1.

0.
0.5
0.5
1.
1.
1.
1.
1.
1.

0.
0.14285715
0.2857143
0.42857143
0.5714286
0.71428573

0.71428573
0.85714287
0.85714287
0.85714287
0.85714287
0.85714287

1.
1.
1.
1.
1.

0.
0.16666667
0.33333334
0.5
0.66666669
0.66666669

0.83333331
1.
1.
1.

0.
0.2
0.40000001
0.60000002
0.80000001
1.

1.

0.
0.07692308
0.15384616
0.23076923
0.30769232
0.38461539

0.46153846
0.53846157
0.61538464
0.69230771
0.76923078
0.84615386

0.92307693
0.92307693
1.
1.
1.

0.
0.2
0.40000001
0.60000002
0.60000002
0.80000001

0.80000001
1.

0.
0.2
0.40000001
0.60000002
0.80000001
1.

1.
1.
1.
1.
1.
1.

0.
0.33333334
0.66666669
1.
1.
1.

1.

0.
0.33333334
0.66666669
0.66666669
0.66666669
1.

1.
1.

0.
0.25
0.5
0.75
1.
1.

0.
0.16666667
0.33333334
0.5
0.66666669
0.83333331

1.

0.
0.2
0.40000001
0.60000002
0.80000001
1.

1.
1.
1.

0.
0.33333334
0.66666669
1.
1.
1.

1.
1.
1.

0.
0.07692308
0.15384616
0.23076923
0.30769232
0.38461539

0.46153846
0.46153846
0.53846157
0.61538464
0.69230771
0.76923078

0.84615386
1.

0.
0.07142857
0.14285715
0.21428572
0.2857143
0.35714287

0.42857143
0.5
0.5714286
0.64285713
0.71428573
0.78571427

0.85714287
0.9285714
0.9285714
1.
1.
1.

1.
1.
1.

0.
0.14285715
0.2857143
0.2857143
0.42857143
0.5714286

0.71428573
0.85714287
1.
1.
1.

0.
0.2
0.40000001
0.60000002
0.80000001
0.80000001

1.
1.
1.
1.

0.
0.16666667
0.33333334
0.5
0.66666669
0.83333331

1.
1.
1.

0.
0.16666667
0.33333334
0.5
0.66666669
0.66666669

0.83333331
1.
1.
1.
1.
1.

1.

0.
0.33333334
0.33333334
0.33333334
0.33333334
0.33333334

0.66666669
0.66666669
0.66666669
0.66666669
1.
1.

1.
1.
1.
1.
1.
1.

1.
1.
1.
1.

0.
0.33333334
0.66666669
1.
1.
1.

0.
0.5
1.
1.
1.
1.
1.

0.
0.2
0.40000001
0.60000002
0.80000001
1.

1.
1.

0.
0.14285715
0.2857143
0.42857143
0.5714286
0.71428573

0.85714287
1.
1.
1.
1.

0.
1.
1.
1.

0.
0.33333334
0.66666669
1.
1.

0.
0.16666667
0.33333334
0.5
0.66666669
0.83333331

0.83333331
0.83333331
0.83333331
1.
1.
1.

1.

0.
0.07692308
0.15384616
0.23076923
0.30769232
0.38461539

0.46153846
0.53846157
0.61538464
0.69230771
0.76923078
0.84615386

0.92307693
0.92307693
1.

0.
0.16666667
0.33333334
0.33333334
0.33333334
0.5

0.66666669
0.66666669
0.83333331
0.83333331
0.83333331
1.

1.
1.
1.
1.
1.

0.
0.2
0.40000001
0.60000002
0.80000001
1.

1.
1.
1.
1.
1.

0.
0.09090909
0.18181819
0.27272728
0.36363637
0.45454547

0.54545456
0.63636363
0.72727275
0.81818181
0.90909094
0.90909094

1.
1.
1.

0.
0.16666667
0.33333334
0.5
0.66666669
0.83333331

1.
1.
1.

0.
0.2
0.40000001
0.60000002
0.80000001
0.80000001

1.

0.
0.25
0.5
0.75
1.
1.
1.
1.

0.
0.2
0.40000001
0.60000002
0.80000001
1.

1.
1.

0.
0.25
0.5
0.75
0.75
0.75
1.

0.
0.16666667
0.33333334
0.5
0.66666669
0.83333331

1.
1.

0.
0.125
0.25
0.25
0.375
0.5
0.625
0.75
0.75
1.

0.
0.125
0.25
0.375
0.5
0.625
0.75
0.875
1.
1.
1.
1.

0.
0.33333334
0.66666669
1.
1.
1.

0.
0.125
0.25
0.375
0.5
0.625
0.625
0.75
0.875
1.
1.
1.

1.
1.
1.

0.
0.16666667
0.33333334
0.5
0.66666669
0.83333331

1.
1.
1.
1.
1.
1.

1.
1.
1.

0.
0.16666667
0.33333334
0.5
0.66666669
0.66666669

0.66666669
0.83333331
1.
1.
1.
1.

1.
1.
1.
1.

0.
0.05263158
0.10526316
0.15789473
0.21052632
0.2631579

0.31578946
0.36842105
0.42105263
0.47368422
0.47368422
0.52631581

0.57894737
0.63157892
0.68421054
0.7368421
0.7368421
0.78947371

0.84210527
0.84210527
0.84210527
0.89473683
1.

0.
0.33333334
0.66666669
1.
1.
1.

1.
1.
1.

0.
0.33333334
0.66666669
1.
1.
1.

1.
1.

0.
0.25
0.5
0.75
1.
1.
1.

0.
0.25
0.5
0.75
0.75
1.

0.
0.33333334
0.66666669
0.66666669
1.
1.

1.
1.

0.
0.14285715
0.2857143
0.42857143
0.5714286
0.71428573

0.85714287
1.

0.
1.
1.

0.
0.125
0.25
0.375
0.5
0.625
0.75
0.75
0.75
0.75
0.75
0.875

1.
1.

0.
0.2
0.40000001
0.60000002
0.80000001
0.80000001

1.
1.

0.
0.16666667
0.33333334
0.5
0.66666669
0.83333331

1.
1.
1.

0.
0.16666667
0.33333334
0.5
0.66666669
0.83333331

1.
1.
1.
1.

0.
0.25
0.5
0.75
1.
1.
1.
1.

0.
0.125
0.25
0.375
0.375
0.5
0.625
0.75
0.875
0.875
0.875
0.875

1.
1.

0.
0.125
0.25
0.375
0.5
0.625
0.75
0.875
1.
1.
1.
1.

1.
1.
1.
1.

0.
0.07692308
0.15384616
0.23076923
0.30769232
0.38461539

0.46153846
0.53846157
0.61538464
0.69230771
0.76923078
0.84615386

0.92307693
0.92307693
1.

0.
0.08333334
0.16666667
0.25
0.33333334
0.41666666

0.5
0.58333331
0.66666669
0.75
0.83333331
0.91666669

0.91666669
0.91666669
0.91666669
0.91666669
0.91666669
1.

1.
1.
1.

0.
0.5
1.
1.
1.
1.

0.
0.125
0.25
0.375
0.5
0.625
0.75
0.875
0.875
0.875
1.
1.

0.
0.11111111
0.22222222
0.33333334
0.44444445
0.55555558

0.55555558
0.66666669
1.

0.
0.5
1.
1.
1.
1.
1.
1.
1.
1.
1.
1.

0.
0.2
0.40000001
0.60000002
0.80000001
1.

1.

0.
0.33333334
0.66666669
0.66666669
1.
1.

0.
0.11111111
0.22222222
0.33333334
0.44444445
0.55555558

0.66666669
0.77777779
0.8888889
1.
1.
1.

1.

0.
0.33333334
0.66666669
1.
1.
1.

1.
1.

0.
0.25
0.5
0.75
1.
1.
1.
1.
1.
1.
1.
1.
1.

0.
0.5
1.
1.
1.

0.
0.33333334
0.66666669
1.
1.
1.

0.
0.09090909
0.18181819
0.27272728
0.36363637
0.45454547

0.54545456
0.63636363
0.72727275
0.72727275
0.81818181
0.90909094

1.

0.
0.5
1.
1.
1.
1.

0.
0.2
0.40000001
0.60000002
0.80000001
1.

1.
1.
1.
1.
1.

0.
0.5
1.
1.
1.
1.
1.

0.
0.5
0.5
1.
1.
1.
1.
1.

0.
0.16666667
0.33333334
0.5
0.66666669
0.83333331

1.

0.
0.25
0.5
0.75
0.75
0.75
0.75
1.

0.
0.33333334
0.66666669
1.
1.

0.
0.5
1.
1.
1.
1.

0.
0.33333334
0.66666669
0.66666669
1.

0.
0.5
1.
1.
1.

0.
0.08333334
0.16666667
0.25
0.33333334
0.41666666

0.5
0.58333331
0.66666669
0.75
0.75
0.75

0.75
0.75
0.83333331
0.83333331
0.83333331
0.91666669

1.

0.
0.2
0.40000001
0.60000002
0.80000001
1.

1.
1.

0.
0.
0.33333334
0.33333334
0.66666669
0.66666669

0.66666669
0.66666669
1.

0.
0.33333334
0.33333334
0.33333334
0.33333334
0.66666669

0.66666669
1.
1.

0.
0.25
0.5
0.75
1.
1.
1.
1.
1.
1.
1.

0.
0.2
0.40000001
0.60000002
0.80000001
1.

1.

0.
0.125
0.25
0.375
0.5
0.625
0.75
0.875
0.875
1.

0.
0.1
0.2
0.30000001
0.40000001
0.5

0.60000002
0.60000002
0.69999999
0.80000001
0.89999998
0.89999998

1.

0.
0.16666667
0.33333334
0.5
0.66666669
0.83333331

0.83333331
0.83333331
1.

0.
0.25
0.5
0.75
0.75
0.75
1.
1.

0.
0.2
0.40000001
0.60000002
0.80000001
1.

1.
1.
1.
1.
1.

0.
0.09090909
0.18181819
0.27272728
0.36363637
0.45454547

0.54545456
0.63636363
0.63636363
0.72727275
0.72727275
0.72727275

0.72727275
0.72727275
0.72727275
0.72727275
0.72727275
0.72727275

1.

0.
0.25
0.5
0.75
1.
1.
1.
1.
1.

0.
0.2
0.40000001
0.60000002
0.80000001
1.

1.
1.
1.
1.
1.
1.

0.
1.
1.

0.
0.16666667
0.33333334
0.5
0.66666669
0.83333331

0.83333331
1.

0.
0.5
1.
1.
1.
1.
1.
1.
1.
1.

0.
0.14285715
0.2857143
0.42857143
0.5714286
0.71428573

0.85714287
0.85714287
0.85714287
0.85714287
0.85714287
1.

0.
0.11111111
0.22222222
0.33333334
0.44444445
0.55555558

0.66666669
0.77777779
1.

0.
0.2
0.40000001
0.60000002
0.60000002
0.80000001

1.
1.
1.
1.

0.
0.07692308
0.15384616
0.23076923
0.30769232
0.38461539

0.46153846
0.53846157
0.61538464
0.69230771
0.76923078
0.84615386

0.92307693
1.
1.
1.
1.
1.

1.
1.

0.
0.07142857
0.14285715
0.21428572
0.2857143
0.35714287

0.42857143
0.5
0.5714286
0.64285713
0.71428573
0.71428573

0.71428573
0.78571427
0.85714287
0.85714287
1.

0.
0.04761905
0.0952381
0.14285715
0.19047619
0.23809524

0.2857143
0.33333334
0.38095239
0.42857143
0.47619048
0.52380955

0.5714286
0.61904764
0.66666669
0.71428573
0.76190478
0.80952382

0.85714287
0.85714287
0.90476191
0.90476191
0.90476191
0.95238096

0.95238096
0.95238096
0.95238096
0.95238096
1.

0.
0.07142857
0.14285715
0.21428572
0.2857143
0.35714287

0.42857143
0.5
0.5714286
0.64285713
0.64285713
0.71428573

0.78571427
0.85714287
0.85714287
0.85714287
0.85714287
0.85714287

0.9285714
0.9285714
1.

0.
0.16666667
0.33333334
0.5
0.5
0.5

0.5
0.66666669
0.66666669
0.66666669
0.66666669
1.

0.
0.33333334
0.66666669
1.
1.
1.

0.
0.2
0.40000001
0.60000002
0.80000001
0.80000001

0.80000001
1.
1.

0.
0.5
1.
1.
1.
1.
1.
1.
1.

0.
0.25
0.5
0.75
0.75
0.75
1.
1.
1.
1.
1.
1.

0.
0.25
0.25
0.5
0.75
1.
1.

0.
0.1
0.2
0.30000001
0.40000001
0.5

0.60000002
0.69999999
0.69999999
0.80000001
0.89999998
0.89999998

0.89999998
0.89999998
0.89999998
0.89999998
1.

0.
0.
0.
1.

0.
0.16666667
0.33333334
0.33333334
0.5
0.66666669

0.83333331
1.
1.
1.
1.
1.

1.
1.
1.
1.

0.
0.33333334
0.66666669
1.
1.
1.

1.
1.
1.
1.
1.
1.

0.
0.2
0.40000001
0.60000002
0.80000001
1.

1.
1.

0.
0.33333334
0.66666669
0.66666669
0.66666669
1.

0.
0.2
0.40000001
0.60000002
0.80000001
1.

1.

0.
0.09090909
0.18181819
0.27272728
0.36363637
0.45454547

0.54545456
0.63636363
0.72727275
0.81818181
0.81818181
1.

0.
0.2
0.40000001
0.60000002
0.80000001
1.

1.
1.
1.
1.

0.
0.125
0.25
0.25
0.375
0.5
0.625
0.75
0.875
1.
1.
1.

1.
1.
1.

0.
0.11111111
0.22222222
0.33333334
0.44444445
0.55555558

0.66666669
0.77777779
0.8888889
0.8888889
1.
1.

1.
1.
1.

0.
0.1
0.2
0.30000001
0.40000001
0.5

0.60000002
0.69999999
0.80000001
0.80000001
0.80000001
1.

0.
0.125
0.25
0.375
0.5
0.625
0.75
0.75
0.875
0.875
1.
1.

1.
1.
1.

0.
0.2
0.40000001
0.60000002
0.80000001
1.

1.
1.
1.
1.
1.

0.
0.11111111
0.22222222
0.33333334
0.44444445
0.55555558

0.66666669
0.66666669
0.77777779
0.77777779
0.8888889
1.

1.

0.
0.33333334
0.66666669
1.
1.
1.

0.
0.33333334
0.66666669
1.
1.
1.

0.
0.33333334
0.66666669
1.
1.
1.

1.

0.
0.07692308
0.15384616
0.23076923
0.30769232
0.38461539

0.46153846
0.53846157
0.61538464
0.69230771
0.76923078
0.76923078

0.76923078
0.76923078
0.76923078
0.76923078
0.76923078
1.

0.
0.25
0.5
0.75
1.
1.
1.
1.
1.

0.
0.14285715
0.2857143
0.42857143
0.5714286
0.71428573

0.85714287
0.85714287
0.85714287
0.85714287
0.85714287
0.85714287

0.85714287
0.85714287
1.

0.
0.2
0.40000001
0.60000002
0.80000001
1.

1.

0.
0.14285715
0.2857143
0.42857143
0.5714286
0.71428573

0.85714287
0.85714287
1.

0.
0.1
0.2
0.30000001
0.40000001
0.5

0.60000002
0.69999999
0.80000001
0.89999998
1.
1.

0.
0.5
1.
1.

0.
0.2
0.40000001
0.40000001
0.60000002
0.60000002

0.80000001
0.80000001
0.80000001
0.80000001
0.80000001
1.

1.
1.
1.

0.
0.33333334
0.66666669
1.
1.
1.

1.

0.
0.33333334
0.66666669
0.66666669
0.66666669
0.66666669

0.66666669
0.66666669
0.66666669
0.66666669
0.66666669
1.

0.
0.33333334
0.66666669
0.66666669
0.66666669
0.66666669

0.66666669
0.66666669
0.66666669
0.66666669
0.66666669
0.66666669

1.

0.
0.09090909
0.18181819
0.27272728
0.36363637
0.45454547

0.54545456
0.63636363
0.72727275
0.81818181
0.81818181
0.90909094

0.90909094
0.90909094
0.90909094
0.90909094
1.

0.
0.14285715
0.2857143
0.42857143
0.5714286
0.71428573

0.85714287
1.
1.

0.
0.16666667
0.33333334
0.5
0.66666669
0.66666669

1.

0.
0.
0.16666667
0.33333334
0.5
0.5

0.66666669
0.66666669
0.66666669
0.83333331
1.

0.
0.25
0.5
0.75
1.
1.

0.
1.
1.
1.
1.
1.
1.
1.
1.

0.
0.25
0.5
0.75
1.
1.
1.
1.
1.

0.
0.2
0.40000001
0.60000002
0.80000001
1.

1.
1.
1.
1.
1.
1.

1.
1.

0.
0.25
0.5
0.75
1.
1.
1.
1.
1.

0.
0.2
0.40000001
0.60000002
0.80000001
1.

1.
1.
1.

0.
0.25
0.5
0.75
0.75
0.75
0.75
1.
1.
1.
1.
1.

0.
0.14285715
0.2857143
0.42857143
0.5714286
0.5714286

0.71428573
0.85714287
1.
1.

0.
0.25
0.5
0.75
1.
1.
1.
1.

0.
0.1
0.2
0.30000001
0.40000001
0.40000001

0.5
0.60000002
0.69999999
0.80000001
0.80000001
0.89999998

0.89999998
0.89999998
1.
1.
1.
1.

1.
1.
1.

0.
0.25
0.5
0.75
1.
1.
1.
1.

0.
0.33333334
0.66666669
0.66666669
0.66666669
1.

0.
0.25
0.5
0.75
1.
1.
1.
1.
1.
1.
1.

0.
0.11111111
0.22222222
0.33333334
0.44444445
0.55555558

0.66666669
0.77777779
0.8888889
0.8888889
1.
1.

0.
0.2
0.40000001
0.60000002
0.80000001
1.

1.

0.
0.2
0.40000001
0.60000002
0.80000001
0.80000001

1.
1.
1.
1.
1.
1.

1.
1.
1.
1.

0.
0.14285715
0.2857143
0.42857143
0.5714286
0.5714286

0.71428573
0.71428573
0.85714287
0.85714287
1.

0.
0.11111111
0.22222222
0.33333334
0.44444445
0.55555558

0.66666669
0.77777779
0.77777779
0.77777779
0.77777779
0.77777779

0.77777779
0.8888889
0.8888889
1.

0.
0.16666667
0.33333334
0.5
0.66666669
0.83333331

1.
1.
1.
1.
1.
1.

1.
1.
1.

0.
0.16666667
0.33333334
0.5
0.66666669
0.83333331

1.
1.
1.

0.
0.16666667
0.33333334
0.5
0.66666669
0.66666669

0.66666669
0.66666669
0.66666669
0.83333331
1.
1.

1.
1.
1.
1.
1.
1.

1.
1.

0.
0.33333334
0.66666669
1.
1.
1.

1.

0.
0.
0.2
0.40000001
0.40000001
0.60000002

0.80000001
0.80000001
0.80000001
0.80000001
0.80000001
0.80000001

0.80000001
0.80000001
0.80000001
1.

0.
0.125
0.25
0.375
0.5
0.625
0.75
0.875
1.
1.
1.
1.

1.
1.
1.
1.
1.
1.
1.
1.

0.
0.33333334
0.66666669
1.
1.

0.
0.2
0.40000001
0.60000002
0.80000001
0.80000001

1.
1.
1.

0.
0.5
1.
1.
1.

0.
0.5
1.
1.

0.
0.33333334
0.66666669
1.
1.
1.

0.
0.33333334
0.66666669
1.
1.
1.

1.

0.
0.2
0.40000001
0.60000002
0.80000001
1.

1.
1.
1.
1.
1.
1.

1.
1.

0.
0.14285715
0.2857143
0.42857143
0.5714286
0.71428573

0.85714287
1.
1.
1.
1.
1.

1.

0.
0.125
0.25
0.375
0.5
0.625
0.75
0.875
1.
1.
1.
1.

1.
1.
1.
1.
1.
1.

0.
0.25
0.5
0.75
1.
1.
1.
1.
1.
1.
1.

0.
0.33333334
0.66666669
0.66666669
1.

0.
0.33333334
0.66666669
1.
1.
1.

1.

0.
0.33333334
0.66666669
0.66666669
0.66666669
0.66666669

0.66666669
1.

0.
0.2
0.40000001
0.40000001
0.60000002
0.60000002

1.

0.
0.14285715
0.2857143
0.42857143
0.5714286
0.71428573

0.85714287
0.85714287
1.

0.
0.1
0.2
0.30000001
0.40000001
0.5

0.60000002
0.69999999
0.69999999
0.69999999
0.80000001
1.

0.
0.2
0.40000001
0.60000002
0.80000001
0.80000001

0.80000001
0.80000001
0.80000001
0.80000001
0.80000001
0.80000001

0.80000001
0.80000001
1.

0.
0.14285715
0.2857143
0.42857143
0.5714286
0.71428573

0.85714287
0.85714287
0.85714287
0.85714287
0.85714287
1.

1.
1.

0.
0.16666667
0.33333334
0.5
0.66666669
0.83333331

1.
1.
1.

0.
0.05263158
0.10526316
0.15789473
0.21052632
0.2631579

0.31578946
0.36842105
0.42105263
0.47368422
0.52631581
0.57894737

0.63157892
0.63157892
0.68421054
0.7368421
0.78947371
0.78947371

0.84210527
0.84210527
0.89473683
0.89473683
1.

0.
0.5
1.
1.

0.
0.125
0.25
0.375
0.5
0.625
0.625
0.625
0.625
0.625
0.625
1.

0.
0.16666667
0.33333334
0.5
0.66666669
0.83333331

1.
1.
1.
1.
1.
1.

0.
0.33333334
0.66666669
1.
1.
1.

1.
1.
1.

0.
0.33333334
0.66666669
1.
1.

0.
0.33333334
0.66666669
1.
1.
1.

0.
0.07692308
0.15384616
0.23076923
0.30769232
0.38461539

0.46153846
0.53846157
0.61538464
0.69230771
0.69230771
0.76923078

0.76923078
0.76923078
0.76923078
0.76923078
0.76923078
1.

0.
0.16666667
0.33333334
0.5
0.66666669
0.83333331

0.83333331
0.83333331
0.83333331
0.83333331
0.83333331
1.

1.
1.

0.
0.16666667
0.33333334
0.5
0.66666669
0.83333331

1.
1.
1.

0.
0.2
0.40000001
0.60000002
0.80000001
1.

1.
1.

0.
0.25
0.5
0.5
0.75
1.
1.
1.
1.
1.
1.

0.
0.16666667
0.33333334
0.5
0.66666669
0.83333331

1.
1.
1.
1.
1.

0.
0.14285715
0.2857143
0.42857143
0.5714286
0.71428573

0.85714287
0.85714287
0.85714287
1.
1.
1.

0.
0.5
1.
1.

0.
0.2
0.40000001
0.60000002
0.80000001
1.

1.
1.
1.
1.
1.
1.

1.
1.
1.
1.

0.
0.5
1.
1.
1.
1.
1.

0.
0.14285715
0.2857143
0.42857143
0.5714286
0.71428573

0.71428573
0.71428573
0.71428573
0.71428573
0.85714287
0.85714287

0.85714287
0.85714287
1.

0.
0.25
0.5
0.75
1.
1.
1.

0.
0.25
0.5
0.75
1.
1.
1.
1.

0.
0.2
0.40000001
0.60000002
0.80000001
0.80000001

0.80000001
0.80000001
0.80000001
1.
1.

0.
0.25
0.5
0.75
1.
1.
1.

0.
0.25
0.5
0.75
1.
1.
1.

0.
0.5
0.5
1.
1.
1.

0.
0.2
0.40000001
0.60000002
0.80000001
0.80000001

1.
1.
1.
1.
1.

0.
0.25
0.5
0.75
0.75
1.

0.
0.11111111
0.22222222
0.33333334
0.44444445
0.55555558

0.66666669
0.66666669
0.77777779
0.8888889
1.
1.

1.
1.
1.
1.
1.
1.

0.
0.2
0.40000001
0.60000002
0.80000001
1.

1.

0.
0.5
1.
1.
1.

0.
0.2
0.40000001
0.60000002
0.80000001
1.

1.

0.
0.25
0.5
0.75
0.75
0.75
0.75
0.75
1.
1.

0.
0.125
0.25
0.375
0.5
0.625
0.75
0.875
1.
1.
1.
1.

1.
1.
1.
1.

0.
0.25
0.5
0.75
1.
1.
1.
1.

0.
0.14285715
0.2857143
0.42857143
0.5714286
0.71428573

0.85714287
1.

0.
0.09090909
0.18181819
0.27272728
0.36363637
0.45454547

0.54545456
0.63636363
0.72727275
0.81818181
0.90909094
0.90909094

0.90909094
0.90909094
1.

0.
1.
1.
1.
1.
1.

0.
0.2
0.40000001
0.60000002
0.80000001
1.

1.
1.
1.

0.
0.07692308
0.15384616
0.23076923
0.30769232
0.38461539

0.46153846
0.53846157
0.61538464
0.69230771
0.76923078
0.76923078

0.76923078
0.84615386
0.84615386
0.84615386
1.

0.
0.2
0.40000001
0.60000002
0.80000001
1.

1.
1.

0.
0.16666667
0.33333334
0.33333334
0.5
0.5

0.66666669
0.83333331
0.83333331
0.83333331
0.83333331
1.

0.
0.125
0.25
0.375
0.5
0.625
0.75
0.875
1.
1.
1.

0.
0.09090909
0.18181819
0.27272728
0.36363637
0.45454547

0.54545456
0.63636363
0.72727275
0.81818181
0.90909094
0.90909094

1.
1.

0.
0.14285715
0.2857143
0.42857143
0.5714286
0.5714286

0.71428573
0.71428573
0.71428573
0.85714287
0.85714287
0.85714287

0.85714287
1.
1.
1.
1.

0.
0.33333334
0.66666669
1.
1.
1.

0.
0.1
0.2
0.30000001
0.40000001
0.5

0.60000002
0.69999999
0.80000001
0.80000001
0.80000001
1.

0.
0.14285715
0.2857143
0.42857143
0.5714286
0.71428573

0.85714287
0.85714287
0.85714287
0.85714287
1.

0.
0.16666667
0.33333334
0.5
0.66666669
0.66666669

0.83333331
0.83333331
0.83333331
0.83333331
0.83333331
1.

1.
1.

0.
0.1
0.2
0.30000001
0.40000001
0.5

0.60000002
0.69999999
0.80000001
0.80000001
0.80000001
0.89999998

0.89999998
0.89999998
1.

0.
0.16666667
0.33333334
0.5
0.5
0.66666669

0.83333331
0.83333331
1.
1.
1.
1.

1.
1.

0.
0.1
0.2
0.30000001
0.40000001
0.5

0.60000002
0.69999999
0.80000001
0.89999998
0.89999998
0.89999998

0.89999998
1.
1.
1.
1.
1.

1.

0.
0.125
0.25
0.375
0.5
0.625
0.75
0.875
1.
1.
1.
1.

0.
0.16666667
0.33333334
0.5
0.66666669
0.66666669

0.66666669
0.66666669
0.66666669
0.83333331
0.83333331
0.83333331

1.
1.
1.
1.
1.
1.

1.
1.

0.
0.14285715
0.2857143
0.42857143
0.42857143
0.5714286

0.71428573
0.71428573
0.85714287
1.

0.
0.09090909
0.18181819
0.27272728
0.36363637
0.45454547

0.54545456
0.63636363
0.72727275
0.72727275
0.72727275
0.81818181

0.90909094
0.90909094
0.90909094
1.

0.
0.33333334
0.66666669
1.
1.
1.

0.
0.33333334
0.66666669
1.
1.
1.

1.

0.
0.07142857
0.14285715
0.21428572
0.2857143
0.35714287

0.42857143
0.5
0.5714286
0.64285713
0.64285713
0.71428573

0.78571427
0.85714287
1.

0.
0.33333334
0.66666669
1.
1.

0.
0.125
0.25
0.375
0.5
0.625
0.75
0.875
1.
1.
1.
1.

1.
1.

0.
0.25
0.5
0.75
1.
1.
1.
1.

0.
0.2
0.40000001
0.60000002
0.80000001
0.80000001

1.
1.

0.
0.125
0.25
0.375
0.5
0.625
0.75
0.75
0.75
0.75
1.

0.
0.11111111
0.22222222
0.33333334
0.44444445
0.55555558

0.66666669
0.77777779
0.77777779
0.77777779
0.77777779
0.77777779

0.77777779
0.77777779
0.77777779
0.8888889
0.8888889
1.

0.
0.33333334
0.66666669
0.66666669
1.
1.

0.
0.125
0.25
0.25
0.375
0.5
0.625
0.75
0.75
0.875
0.875
0.875

1.
1.

0.
0.25
0.5
0.75
1.
1.
1.
1.
1.
1.

0.
0.25
0.5
0.75
1.
1.
1.

0.
0.5
1.
1.
1.

0.
0.06666667
0.13333334
0.2
0.26666668
0.33333334

0.40000001
0.46666667
0.53333336
0.60000002
0.66666669
0.73333335

0.80000001
0.86666667
0.93333334
0.93333334
1.
1.

1.

0.
0.2
0.40000001
0.60000002
0.80000001
0.80000001

0.80000001
0.80000001
1.
1.
1.
1.

0.
0.04761905
0.0952381
0.14285715
0.19047619
0.23809524

0.2857143
0.33333334
0.38095239
0.42857143
0.47619048
0.52380955

0.5714286
0.61904764
0.66666669
0.71428573
0.76190478
0.80952382

0.85714287
0.90476191
0.95238096
0.95238096
0.95238096
0.95238096

0.95238096
1.

0.
0.25
0.5
0.75
1.
1.
1.

0.
0.33333334
0.66666669
1.
1.
1.

0.
0.33333334
0.66666669
1.
1.
1.

0.
0.14285715
0.2857143
0.42857143
0.5714286
0.71428573

0.85714287
0.85714287
1.
1.
1.
1.

1.
1.

0.
0.07692308
0.15384616
0.23076923
0.30769232
0.38461539

0.46153846
0.53846157
0.61538464
0.69230771
0.76923078
0.84615386

0.92307693
0.92307693
1.

0.
0.25
0.5
0.75
1.
1.
1.
1.
1.

0.
0.14285715
0.2857143
0.42857143
0.5714286
0.71428573

0.85714287
1.
1.
1.
1.
1.

1.
1.
1.
1.

0.
0.1
0.2
0.30000001
0.40000001
0.5

0.60000002
0.69999999
0.69999999
0.80000001
0.80000001
0.89999998

0.89999998
0.89999998
0.89999998
0.89999998
0.89999998
0.89999998

0.89999998
0.89999998
0.89999998
1.

0.
0.5
1.
1.
1.
1.

0.
0.125
0.25
0.375
0.5
0.625
0.625
0.625
0.75
0.875
0.875
1.

0.
0.07142857
0.14285715
0.21428572
0.2857143
0.35714287

0.42857143
0.5
0.5714286
0.64285713
0.71428573
0.78571427

0.85714287
0.9285714
0.9285714
0.9285714
1.
1.

1.

0.
0.14285715
0.2857143
0.42857143
0.5714286
0.71428573

0.85714287
1.
1.

0.
0.08333334
0.16666667
0.25
0.33333334
0.41666666

0.5
0.58333331
0.66666669
0.75
0.75
0.83333331

0.83333331
0.91666669
1.
1.
1.
1.

0.
0.33333334
0.66666669
0.66666669
0.66666669
0.66666669

1.

0.
0.5
1.
1.
1.

0.
0.11111111
0.22222222
0.33333334
0.44444445
0.55555558

0.66666669
0.77777779
0.77777779
0.8888889
1.
1.

1.
1.
1.
1.
1.

0.
0.5
1.
1.
1.

0.
0.2
0.40000001
0.60000002
0.80000001
1.

1.

0.
0.2
0.40000001
0.60000002
0.80000001
1.

1.
1.

0.
0.11111111
0.22222222
0.33333334
0.44444445
0.55555558

0.66666669
0.77777779
0.8888889
0.8888889
0.8888889
1.

1.
1.
1.
1.
1.
1.

1.

0.
0.2
0.40000001
0.60000002
0.80000001
1.

1.
1.
1.
1.
1.

0.
0.25
0.5
0.75
1.
1.
1.

0.
0.09090909
0.18181819
0.27272728
0.36363637
0.45454547

0.54545456
0.63636363
0.72727275
0.72727275
0.72727275
1.

0.
0.16666667
0.33333334
0.5
0.66666669
0.83333331

1.
1.

0.
0.14285715
0.2857143
0.42857143
0.5714286
0.71428573

0.85714287
1.
1.
1.
1.

0.
0.08333334
0.16666667
0.25
0.33333334
0.41666666

0.41666666
0.5
0.58333331
0.66666669
0.66666669
0.75

0.83333331
0.83333331
0.83333331
0.83333331
0.83333331
1.

0.
0.1
0.2
0.30000001
0.40000001
0.5

0.60000002
0.60000002
0.69999999
0.80000001
0.89999998
1.

1.
1.

0.
0.14285715
0.2857143
0.42857143
0.5714286
0.71428573

0.85714287
1.
1.
1.
1.

0.
0.16666667
0.33333334
0.5
0.66666669
0.83333331

1.
1.
1.
1.
1.
1.

0.
0.11111111
0.22222222
0.33333334
0.44444445
0.55555558

0.66666669
0.77777779
0.8888889
0.8888889
0.8888889
0.8888889

1.
1.
1.
1.

0.
0.33333334
0.33333334
0.66666669
0.66666669
0.66666669

0.66666669
1.

0.
0.2
0.40000001
0.40000001
0.60000002
0.80000001

0.80000001
0.80000001
1.
1.
1.
1.

1.
1.
1.

0.
0.14285715
0.2857143
0.42857143
0.5714286
0.71428573

0.85714287
0.85714287
0.85714287
1.
1.
1.

1.

0.
0.11111111
0.22222222
0.33333334
0.44444445
0.55555558

0.55555558
0.55555558
0.66666669
0.66666669
0.77777779
0.8888889

1.
1.
1.
1.
1.

0.
0.33333334
0.66666669
1.
1.

0.
0.33333334
0.66666669
1.
1.
1.

1.
1.
1.
1.

0.
0.16666667
0.33333334
0.5
0.66666669
0.83333331

1.
1.

0.
0.16666667
0.16666667
0.33333334
0.5
0.66666669

0.83333331
0.83333331
0.83333331
1.
1.
1.

0.
0.2
0.40000001
0.60000002
0.80000001
1.

1.
1.

0.
0.125
0.25
0.375
0.5
0.5
0.5
0.625
0.625
0.625
0.625
0.625

0.625
0.625
0.625
0.625
0.75
0.75
1.

0.
0.16666667
0.33333334
0.5
0.66666669
0.83333331

1.
1.
1.
1.
1.
1.

1.
1.

0.
0.33333334
0.66666669
0.66666669
1.
1.

0.
0.14285715
0.2857143
0.42857143
0.42857143
0.42857143

0.5714286
0.71428573
0.71428573
0.85714287
0.85714287
1.

1.
1.
1.
1.
1.

0.
0.2
0.40000001
0.60000002
0.80000001
1.

1.

0.
0.25
0.5
0.75
1.
1.

0.
0.16666667
0.33333334
0.5
0.66666669
0.83333331

1.
1.
1.
1.
1.

0.
1.
1.

0.
0.33333334
0.66666669
0.66666669
1.
1.

1.
1.
1.

0.
0.25
0.5
0.75
1.
1.
1.
1.
1.

0.
0.07142857
0.14285715
0.21428572
0.2857143
0.35714287

0.42857143
0.42857143
0.5
0.5714286
0.64285713
0.71428573

0.78571427
0.85714287
0.85714287
0.85714287
0.85714287
0.85714287

0.9285714
0.9285714
0.9285714
1.
1.

0.
0.2
0.40000001
0.60000002
0.80000001
1.

1.
1.
1.

0.
0.1
0.2
0.30000001
0.40000001
0.5

0.60000002
0.69999999
0.80000001
0.80000001
0.80000001
0.80000001

0.89999998
0.89999998
1.
1.
1.
1.

1.
1.
1.

0.
0.2
0.40000001
0.60000002
0.60000002
0.80000001

0.80000001
0.80000001
0.80000001
0.80000001
0.80000001
0.80000001

0.80000001
0.80000001
0.80000001
1.

0.
0.14285715
0.2857143
0.42857143
0.5714286
0.71428573

0.85714287
1.
1.
1.
1.
1.

0.
0.16666667
0.33333334
0.5
0.66666669
0.83333331

1.
1.

0.
0.11111111
0.22222222
0.33333334
0.44444445
0.55555558

0.66666669
0.77777779
0.77777779
0.8888889
1.
1.

1.
1.
1.
1.

0.
0.25
0.5
0.75
1.
1.
1.

0.
0.2
0.40000001
0.60000002
0.80000001
1.

1.
1.

0.
0.33333334
0.66666669
1.
1.
1.

0.
0.33333334
0.66666669
1.
1.

0.
0.08333334
0.16666667
0.25
0.33333334
0.41666666

0.5
0.58333331
0.66666669
0.75
0.75
0.75

0.75
0.75
0.75
0.83333331
0.83333331
0.83333331

1.

0.
0.2
0.40000001
0.60000002
0.80000001
1.

1.
1.
1.
1.
1.

0.
0.08333334
0.16666667
0.25
0.33333334
0.41666666

0.5
0.58333331
0.58333331
0.58333331
0.66666669
0.75

0.83333331
0.83333331
0.91666669
0.91666669
0.91666669
0.91666669

0.91666669
1.

0.
0.5
1.
1.
1.
1.
1.
1.
1.

0.
0.25
0.5
0.75
0.75
0.75
1.
1.
1.
1.
1.

0.
0.2
0.40000001
0.60000002
0.80000001
1.

1.
1.
1.
1.

0.
0.16666667
0.33333334
0.5
0.66666669
0.83333331

0.83333331
1.
1.
1.
1.

0.
0.5
1.
1.
1.
1.

0.
0.2
0.40000001
0.60000002
0.80000001
0.80000001

1.
1.
1.

0.
0.16666667
0.33333334
0.5
0.66666669
0.83333331

1.
1.
1.
1.

0.
0.33333334
0.66666669
1.
1.

0.
0.125
0.25
0.375
0.5
0.625
0.625
0.625
0.75
0.75
1.

0.
0.08333334
0.16666667
0.25
0.33333334
0.41666666

0.5
0.58333331
0.66666669
0.75
0.83333331
0.91666669

1.
1.
1.
1.
1.
1.

1.

0.
0.125
0.25
0.375
0.5
0.5
0.5
0.625
0.75
0.75
0.875
1.

1.
1.

0.
0.2
0.40000001
0.60000002
0.80000001
1.

1.
1.

0.
0.14285715
0.2857143
0.42857143
0.5714286
0.71428573

0.85714287
0.85714287
1.
1.
1.
1.

1.
1.
1.

0.
0.1
0.1
0.2
0.30000001
0.40000001

0.5
0.60000002
0.69999999
0.69999999
0.80000001
0.89999998

1.
1.
1.
1.
1.
1.

1.
1.
1.
1.
1.
1.

0.
0.125
0.25
0.375
0.5
0.625
0.75
0.875
0.875
0.875
1.
1.

1.
1.
1.
1.

0.
0.09090909
0.18181819
0.27272728
0.36363637
0.45454547

0.54545456
0.63636363
0.72727275
0.72727275
0.72727275
0.81818181

0.81818181
1.

0.
0.25
0.5
0.75
1.
1.
1.
1.
1.

0.
0.25
0.5
0.75
1.
1.
1.
1.
1.

0.
1.
1.
1.
1.
1.
1.
1.

0.
0.2
0.40000001
0.40000001
0.60000002
0.80000001

0.80000001
0.80000001
1.

0.
0.33333334
0.66666669
1.
1.
1.

0.
0.33333334
0.66666669
1.
1.

0.
0.33333334
0.66666669
1.
1.
1.

1.
1.
1.
1.
1.
1.

1.

0.
0.33333334
0.66666669
1.
1.
1.

1.

0.
0.2
0.40000001
0.60000002
0.80000001
1.

1.
1.
1.

0.
0.2
0.40000001
0.60000002
0.80000001
1.

1.
1.
1.
1.
1.
1.

0.
0.2
0.40000001
0.60000002
0.80000001
1.

1.

0.
0.2
0.40000001
0.60000002
0.60000002
0.60000002

0.80000001
0.80000001
0.80000001
1.
1.

0.
0.33333334
0.66666669
1.
1.
1.

1.

0.
0.2
0.40000001
0.60000002
0.80000001
1.

1.
1.

0.
0.25
0.5
0.75
1.
1.
1.
1.
1.
1.
1.

0.
0.25
0.5
0.5
0.5
0.5
0.75
0.75
1.
1.
1.
1.
1.
1.

1.
1.
1.
1.
1.
1.
1.

0.
0.11111111
0.22222222
0.33333334
0.44444445
0.55555558

0.66666669
0.77777779
0.8888889
1.
1.
1.

1.
1.
1.

0.
0.2
0.40000001
0.60000002
0.80000001
0.80000001

0.80000001
0.80000001
0.80000001
0.80000001
1.
1.

1.
1.

0.
0.33333334
0.66666669
1.
1.
1.

1.
1.

0.
0.14285715
0.2857143
0.42857143
0.5714286
0.71428573

0.85714287
0.85714287
0.85714287
1.
1.
1.

0.
0.25
0.5
0.75
1.
1.
1.
1.
1.
1.

0.
0.
0.
0.
1.

0.
0.25
0.5
0.75
1.
1.
1.

0.
0.33333334
0.66666669
1.
1.
1.

1.
1.
1.

0.
0.2
0.40000001
0.60000002
0.60000002
0.80000001

1.
1.

0.
0.14285715
0.2857143
0.42857143
0.5714286
0.71428573

0.71428573
0.71428573
0.71428573
0.85714287
0.85714287
0.85714287

0.85714287
0.85714287
0.85714287
0.85714287
1.

0.
0.33333334
0.66666669
0.66666669
0.66666669
0.66666669

1.
1.
1.
1.

0.
0.33333334
0.66666669
0.66666669
0.66666669
0.66666669

0.66666669
1.
1.
1.

0.
0.14285715
0.2857143
0.42857143
0.5714286
0.71428573

0.85714287
0.85714287
0.85714287
1.
1.
1.

0.
0.25
0.5
0.75
1.
1.
1.
1.
1.
1.

0.
0.16666667
0.33333334
0.5
0.66666669
0.83333331

1.
1.
1.

0.
0.16666667
0.33333334
0.5
0.66666669
0.83333331

1.

0.
0.25
0.5
0.75
1.
1.
